PSC	0	KSSm1_L004	2479938	644251	1059399	1027718	675932	0	9.1	0	0	0	93436
PSC	0	KSSf1_L004	2440759	644288	1114879	1061509	697658	0	8.8	0	0	0	77098
PSC	0	KSSm2_L004	2484774	657555	1027286	1017998	666843	0	7.9	0	0	0	107409
PSC	0	KSSf2_L004	2428594	609547	1131595	1053110	688032	0	7.9	0	0	0	107288
PSC	0	KSSm3_L004	2457217	616361	1071636	1019842	668155	0	6.7	0	0	0	131810
PSC	0	KSSf3_L004	2462238	618071	1049706	1008092	659685	0	5.8	0	0	0	147009
PSC	0	KSSm4_L004	2449416	623814	1091770	1035055	680529	0	7.5	0	0	0	112024
PSC	0	KSSf4_L004	2445717	644240	1084598	1044415	684423	0	7.7	0	0	0	102469
PSC	0	KSSm5_L004	2473815	641028	1058313	1025840	673501	0	8.5	0	0	0	103868
PSC	0	KSSf5_L004	2428899	606809	1080555	1019986	667378	0	6.3	0	0	0	160761
PSC	0	KSSm6_L004	2461656	636993	1034041	1009418	661616	0	6.8	0	0	0	144334
PSC	0	KSSf6_L004	2434681	588867	1084997	1011423	662441	0	6.1	0	0	0	168479
PSC	0	KSSm7_L004	2550453	660344	935121	963718	631747	0	7.4	0	0	0	131106
PSC	0	KSSfT1_L004	2459551	624075	959582	959541	624116	0	4.8	0	0	0	233816
PSC	0	KSSm8_L004	2486046	622886	1027944	997847	652983	0	7.2	0	0	0	140148
PSC	0	KSSf8_L004	2455185	604729	1082027	1020140	666616	0	6.4	0	0	0	135083
PSC	0	KSSm9_L004	2453619	630970	1039098	1009933	660135	0	6.9	0	0	0	153337
PSC	0	KSSfT2_L004	2438402	597386	1016935	976838	637483	0	4.9	0	0	0	224301
PSC	0	KSSm10_L004	2506446	658732	993803	998464	654071	0	7.6	0	0	0	118043
PSC	0	KSSf10_L004	2406346	608314	1135071	1053279	690106	0	6.6	0	0	0	127293
PSC	0	KSSm11_L004	2456695	624647	1055930	1015613	664964	0	6.1	0	0	0	139752
PSC	0	KSSfT3_L004	2493703	652105	971307	982231	641181	0	6.2	0	0	0	159909
PSC	0	KSSm12_L004	2490121	643481	1005793	996506	652768	0	6.3	0	0	0	137629
PSC	0	KSSf12_L004	2450844	615973	1115534	1046408	685099	0	7.5	0	0	0	94673
PSC	0	KSSB1	2471004	649020	1014864	1006136	657748	0	6.9	0	0	0	142136
PSC	0	KSSB3	2456580	628959	1075684	1029716	674927	0	6.9	0	0	0	115801
PSC	0	KSSB5	2432588	608999	1121359	1045683	684675	0	6.9	0	0	0	114078
PSC	0	KSSB2	2508323	711791	965245	1011919	665117	0	10.4	0	0	0	91665
PSC	0	KSSB4	2459645	640242	1099748	1050609	689381	0	9.2	0	0	0	77389
PSC	0	KSSB6	2409835	626758	1169217	1083270	712705	0	9.8	0	0	0	71214
PSC	0	01C01	2667294	886837	563777	876220	574394	0	7.7	0	0	0	159116
PSC	0	09H02	2657304	874028	590276	884352	579952	0	7.7	0	0	0	155416
PSC	0	18C01	2718908	890720	548748	867752	571716	0	10.6	0	0	0	118648
PSC	0	27C02	2680731	926366	491526	856614	561278	0	7.1	0	0	0	178401
PSC	0	36O01	2621375	793550	749358	930237	612671	0	9.5	0	0	0	112741
PSC	0	44O02	2564351	792533	801876	961722	632687	0	8.7	0	0	0	118264
PSC	0	13ISO02	2665197	927808	519919	873916	573811	0	7.8	0	0	0	164100
PSC	0	02H01	2683170	830700	593590	861396	562894	0	6.6	0	0	0	169564
PSC	0	10O01	2563102	720084	837975	942373	615686	0	6.8	0	0	0	155863
PSC	0	19L01	2704876	852166	573936	861303	564799	0	7.9	0	0	0	146046
PSC	0	28L02	2681788	847574	575394	859699	563269	0	7.0	0	0	0	172268
PSC	0	36O03	2626720	783729	721085	908686	596128	0	6.9	0	0	0	145490
PSC	0	45H01	2735376	912570	475020	836887	550703	0	8.1	0	0	0	154058
PSC	0	14ISO01	2670714	886538	578529	884542	580525	0	8.5	0	0	0	141243
PSC	0	02H03	2702537	837456	597154	867089	567521	0	7.8	0	0	0	139877
PSC	0	10O03	14489	3337	3896	4424	2809	0	0.0	0	0	0	4255302
PSC	0	19L03	2703404	835922	572645	850965	557602	0	6.9	0	0	0	165053
PSC	0	29H01	2635446	872195	609754	894926	587023	0	7.3	0	0	0	159629
PSC	0	37O02	2518088	739802	882007	979574	642235	0	7.2	0	0	0	137127
PSC	0	45H03	2717721	899113	493255	840179	552189	0	7.6	0	0	0	166935
PSC	0	14ISO03	2676345	876081	571851	874744	573188	0	7.6	0	0	0	152747
PSC	0	03O02	2602571	801079	736103	929232	607950	0	7.4	0	0	0	137271
PSC	0	11H02	99188	20083	25811	27978	17916	0	0.0	0	0	0	4131942
PSC	0	20L02	2642587	880498	605526	896523	589501	0	7.7	0	0	0	148413
PSC	0	29H03	2640108	860515	604370	884897	579988	0	6.7	0	0	0	172031
PSC	0	38L01	2686843	915197	491506	850437	556266	0	7.0	0	0	0	183478
PSC	0	46C02	2625446	861283	617604	893252	585635	0	7.0	0	0	0	172691
PSC	0	15ISO02	2687594	903123	531564	866479	568208	0	7.4	0	0	0	154743
PSC	0	04O01	2574584	779168	785947	945196	619919	0	7.4	0	0	0	137325
PSC	0	12L01	2706669	848380	552231	848037	552574	0	7.2	0	0	0	169744
PSC	0	21H01	2619868	833811	664463	905436	592838	0	6.5	0	0	0	158882
PSC	0	30L02	2656738	897246	554573	876343	575476	0	7.3	0	0	0	168467
PSC	0	38L03	2672754	871174	569061	870964	569271	0	7.5	0	0	0	164035
PSC	0	47O02	2671515	897144	540030	868441	568733	0	7.7	0	0	0	168335
PSC	0	16ISO02	2738753	903763	486291	838172	551882	0	8.2	0	0	0	148217
PSC	0	04O03	2588965	813111	710889	921429	602571	0	7.4	0	0	0	164059
PSC	0	12L03	2701103	842483	537583	835682	544384	0	6.7	0	0	0	195855
PSC	0	21H03	2625606	851176	605347	879791	576732	0	6.5	0	0	0	194895
PSC	0	31H01	2679092	912354	509157	858994	562517	0	7.5	0	0	0	176421
PSC	0	39C02	2677892	861769	561755	859795	563729	0	7.3	0	0	0	175608
PSC	0	48C01	2660620	824241	554787	834841	544187	0	5.0	0	0	0	237376
PSC	0	20ISO02	2622699	850967	602033	877568	575432	0	6.5	0	0	0	201325
PSC	0	05O02	2584048	719047	767038	899544	586541	0	5.9	0	0	0	206891
PSC	0	13O02	2628519	819126	646963	886671	579418	0	7.2	0	0	0	182416
PSC	0	22L02	2678085	938312	445050	836173	547189	0	6.7	0	0	0	215577
PSC	0	31H03	2663521	908018	514944	860066	562896	0	7.3	0	0	0	190541
PSC	0	40L02	2653322	853567	602950	879963	576554	0	7.6	0	0	0	167185
PSC	0	01ISO01	2664994	839218	599405	869685	568938	0	7.7	0	0	0	173407
PSC	0	21ISO01	2659030	874965	588209	882769	580405	0	8.5	0	0	0	154820
PSC	0	06O01	2598167	791087	667389	881792	576684	0	5.5	0	0	0	220381
PSC	0	14O01	2588924	756392	796422	938275	614539	0	7.7	0	0	0	135286
PSC	0	23C01	2431038	714732	517685	750067	482350	0	3.2	0	0	0	613569
PSC	0	32O02	2702580	875894	494072	827397	542569	0	6.5	0	0	0	204478
PSC	0	41H01	2579876	771217	751662	921071	601808	0	6.7	0	0	0	174269
PSC	0	03ISO01	2684777	842552	614704	879399	577857	0	9.0	0	0	0	134991
PSC	0	21ISO03	2677302	875356	562359	867482	570233	0	8.3	0	0	0	162007
PSC	0	06O03	2620423	862449	601377	884994	578832	0	6.8	0	0	0	192775
PSC	0	14O03	2620598	802491	672383	891015	583859	0	6.5	0	0	0	181552
PSC	0	24C01	2628678	834787	586734	859244	562277	0	6.0	0	0	0	226825
PSC	0	33L01	2638738	853755	572551	861695	564611	0	6.5	0	0	0	211980
PSC	0	41H03	2617551	802850	703993	909963	596880	0	7.5	0	0	0	152630
PSC	0	05ISO01	2601653	828850	687805	916272	600383	0	8.0	0	0	0	158716
PSC	0	23ISO02	2665408	865934	595160	882220	578874	0	9.1	0	0	0	150522
PSC	0	07L02	2646325	869716	553318	860195	562839	0	5.9	0	0	0	207665
PSC	0	15C02	2656523	924871	520284	873072	572083	0	6.9	0	0	0	175346
PSC	0	25H01	2646064	866980	577359	873150	571189	0	6.9	0	0	0	186621
PSC	0	33L03	2617938	831839	661440	902236	591043	0	7.2	0	0	0	165807
PSC	0	42L02	2631217	806583	685179	901693	590069	0	7.6	0	0	0	154045
PSC	0	08ISO01	2642060	859693	588889	875763	572819	0	6.9	0	0	0	186382
PSC	0	08H01	2581234	793712	691126	897471	587367	0	5.3	0	0	0	210952
PSC	0	16C02	2699211	846289	552618	845858	553049	0	6.8	0	0	0	178906
PSC	0	25H03	2659710	875258	528205	848299	555164	0	6.0	0	0	0	213851
PSC	0	34C02	2616635	865055	615394	894060	586389	0	6.7	0	0	0	179940
PSC	0	43H01	2671531	807834	627731	866940	568625	0	6.4	0	0	0	169928
PSC	0	12ISO01	2656824	859871	577527	868549	568849	0	6.9	0	0	0	182802
PSC	0	08H03	2585208	829498	720834	935250	615082	0	7.3	0	0	0	141484
PSC	0	17L02	2674427	873235	545695	857394	561536	0	6.2	0	0	0	183667
PSC	0	26C02	2712852	887868	509163	843085	553946	0	7.2	0	0	0	167141
PSC	0	35H02	2596345	798410	715393	914549	599254	0	6.6	0	0	0	166876
PSC	0	43H03	2662758	822109	639655	883078	578686	0	7.1	0	0	0	152502
PSC	0	12ISO03	2661076	867043	570035	868221	568857	0	7.2	0	0	0	178870
PSC	0	01C02	2702680	942981	525029	884133	583877	0	13.5	0	0	0	106334
PSC	0	09H03	2650890	898528	624930	919029	604429	0	12.4	0	0	0	102676
PSC	0	18C02	2731471	910309	538061	872882	575488	0	13.8	0	0	0	97183
PSC	0	28L01	2712907	886406	573430	879125	580711	0	12.0	0	0	0	104281
PSC	0	36O02	2704317	908875	553151	881522	580504	0	11.8	0	0	0	110681
PSC	0	44O03	2536077	772157	875370	993219	654308	0	10.1	0	0	0	93420
PSC	0	13ISO03	2699789	985220	468341	876911	576650	0	10.8	0	0	0	123674
PSC	0	02H02	2710205	894599	563259	879650	578208	0	11.3	0	0	0	108961
PSC	0	10O02	2631195	796332	755458	935966	615824	0	11.4	0	0	0	94039
PSC	0	19L02	2729005	912888	522581	865605	569864	0	12.1	0	0	0	112550
PSC	0	28L03	2680492	858468	634639	900684	592423	0	11.6	0	0	0	103425
PSC	0	37O01	2643911	914098	603820	915051	602867	0	11.3	0	0	0	115195
PSC	0	45H02	2739915	944140	472426	853900	562666	0	11.5	0	0	0	120543
PSC	0	14ISO02	2703613	923047	554852	890712	587187	0	16.1	0	0	0	95512
PSC	0	03O01	2752067	957645	445523	845912	557256	0	11.6	0	0	0	121789
PSC	0	11H01	2711890	899971	539808	868127	571652	0	10.0	0	0	0	125355
PSC	0	20L01	2680681	925241	551392	889361	587272	0	10.8	0	0	0	119710
PSC	0	29H02	2654599	919489	581787	904703	596573	0	10.9	0	0	0	121149
PSC	0	37O03	2605900	844595	725502	946771	623326	0	10.9	0	0	0	101027
PSC	0	46C01	2664214	910120	586457	901849	594728	0	12.2	0	0	0	116233
PSC	0	15ISO01	2682289	936048	529455	884465	581038	0	10.1	0	0	0	129232
PSC	0	03O03	2673726	883401	601846	895856	589391	0	11.4	0	0	0	118051
PSC	0	11H03	2724783	902955	517164	856347	563772	0	11.9	0	0	0	132122
PSC	0	20L03	2684796	906374	582460	896637	592197	0	15.1	0	0	0	103394
PSC	0	30L01	2649278	925097	582041	908340	598798	0	12.3	0	0	0	120608
PSC	0	38L02	2668966	917490	567834	896559	588765	0	11.1	0	0	0	122734
PSC	0	47O01	2638309	878185	658227	926420	609992	0	13.8	0	0	0	102303
PSC	0	16ISO01	2744424	943645	461236	846444	558437	0	11.7	0	0	0	127719
PSC	0	04O02	2623248	854521	668610	919418	603713	0	10.6	0	0	0	130645
PSC	0	12L02	2715999	859926	558157	856500	561583	0	9.9	0	0	0	142942
PSC	0	21H02	2555652	790823	818226	970979	638070	0	10.5	0	0	0	112323
PSC	0	30L03	2624724	885602	641485	921984	605103	0	10.5	0	0	0	125213
PSC	0	39C01	2703876	887664	558428	872723	573369	0	10.3	0	0	0	127056
PSC	0	47O03	2690253	947134	517881	883268	581747	0	14.0	0	0	0	121756
PSC	0	20ISO01	2622155	888002	658788	931996	614794	0	13.8	0	0	0	108079
PSC	0	05O01	2701188	847212	622970	886341	583841	0	12.2	0	0	0	105654
PSC	0	13O01	2602911	813778	747189	943076	617891	0	12.3	0	0	0	113146
PSC	0	22L01	2679275	951805	513170	883121	581854	0	11.2	0	0	0	132774
PSC	0	31H02	2696752	947611	499423	872748	574286	0	11.2	0	0	0	133238
PSC	0	40L01	2699045	919967	541526	882064	579429	0	12.0	0	0	0	116486
PSC	0	48C02	2702308	911417	541574	876748	576243	0	12.0	0	0	0	121725
PSC	0	20ISO03	2651877	894702	595766	898557	591911	0	10.3	0	0	0	134679
PSC	0	05O03	2556955	741976	885072	983132	643916	0	10.3	0	0	0	93021
PSC	0	13O03	2649103	865232	643570	910945	597857	0	10.3	0	0	0	119119
PSC	0	22L03	2694562	971119	477308	873404	575023	0	10.0	0	0	0	134035
PSC	0	32O01	2648918	823190	683562	908652	598100	0	9.0	0	0	0	121354
PSC	0	40L03	2640839	825287	715539	929791	611035	0	12.3	0	0	0	95359
PSC	0	01ISO02	2729955	873802	542526	855842	560486	0	9.8	0	0	0	130741
PSC	0	21ISO02	2678795	890105	579495	886026	583574	0	10.2	0	0	0	128629
PSC	0	06O02	2597615	832847	741456	949458	624845	0	10.2	0	0	0	105106
PSC	0	14O02	2649804	839290	692170	924442	607018	0	10.7	0	0	0	95760
PSC	0	23C02	2666866	889583	593711	895282	588012	0	10.4	0	0	0	126864
PSC	0	32O03	2676908	889450	603058	899688	592820	0	11.5	0	0	0	107608
PSC	0	41H02	2610846	833960	730495	942667	621788	0	10.4	0	0	0	101723
PSC	0	03ISO02	2703008	854255	604807	880895	578167	0	9.4	0	0	0	114954
PSC	0	23ISO01	2699796	884405	569203	876131	577477	0	10.5	0	0	0	123620
PSC	0	07L01	2679944	912900	556678	886262	583316	0	9.4	0	0	0	127502
PSC	0	15C01	2725593	1004743	408901	852173	561471	0	9.7	0	0	0	137787
PSC	0	24C02	2664429	877057	631071	908711	599417	0	11.0	0	0	0	104467
PSC	0	33L02	2668128	884681	604286	898124	590843	0	10.0	0	0	0	119929
PSC	0	42L01	2598444	781405	789970	947461	623914	0	9.2	0	0	0	107205
PSC	0	05ISO02	2670970	866764	601307	886379	581692	0	8.5	0	0	0	137983
PSC	0	23ISO03	2700148	888185	555888	872059	572014	0	9.4	0	0	0	132803
PSC	0	07L03	2685654	935693	539962	889643	586012	0	11.0	0	0	0	115715
PSC	0	16C01	2735166	891808	526327	856216	561919	0	9.7	0	0	0	123723
PSC	0	25H02	2680762	903246	574450	891293	586403	0	10.6	0	0	0	118566
PSC	0	34C01	2667341	927134	550868	891641	586361	0	9.8	0	0	0	131681
PSC	0	42L03	2670519	868450	614288	894449	588289	0	9.9	0	0	0	123767
PSC	0	08ISO02	2644101	905855	595308	904937	596226	0	10.0	0	0	0	131760
PSC	0	08H02	2636841	906295	618428	918887	605836	0	9.6	0	0	0	115460
PSC	0	17L01	2729034	957159	452575	850686	559048	0	9.0	0	0	0	138256
PSC	0	26C01	2762433	939299	433045	827295	545049	0	8.9	0	0	0	142247
PSC	0	35H01	2603892	792548	766920	940533	618935	0	8.5	0	0	0	113664
PSC	0	43H02	2705100	873598	575273	874547	574324	0	9.6	0	0	0	123053
PSC	0	12ISO02	2688288	904317	542574	873572	573319	0	9.0	0	0	0	141845
PSC	0	09H01	2655893	893317	610579	908046	595850	0	10.0	0	0	0	117235
PSC	0	17L03	2696620	920770	541781	882139	580412	0	10.2	0	0	0	117853
PSC	0	27C01	2698525	949271	505719	877403	577587	0	11.1	0	0	0	123509
PSC	0	35H03	2602342	802741	769310	948340	623711	0	10.0	0	0	0	102631
PSC	0	44O01	2522884	777616	877372	997702	657286	0	10.3	0	0	0	99152
PSC	0	13ISO01	2671269	931178	529414	881878	578714	0	8.3	0	0	0	145163
